23 + 23.000000 = 46.000000
Date: 2026-4-1
Time: 17:27:5
